 
  1.6000000000000000e+01, 4.4627547200400000e-04, 0.0000e+00,  15,  15, 1, 0.0000000e+00, 0.0000000e+00
    2,    0,  -5.2461839309700e-02,   0.0000000000000e+00,  2.2329e-06,  0.0000e+00
    2,    1,  -1.6379129611600e-06,  -1.4000380616400e-07,  1.0908e-06,  1.1009e-06
    2,    2,   8.2399387985800e-02,  -2.8109555901600e-02,  2.1788e-06,  3.4496e-06
    3,    0,  -1.4144653704500e-03,   0.0000000000000e+00,  5.4058e-06,  0.0000e+00
    3,    1,   4.0601647559600e-03,   3.3684689932300e-03,  2.0604e-06,  1.9953e-06
    3,    2,   1.7759140948900e-03,  -7.0380318147800e-04,  3.1127e-06,  3.0967e-06
    3,    3,  -1.0416399949600e-02,  -1.2071440482000e-02,  4.6530e-06,  4.6319e-06
    4,    0,   1.2931481996200e-02,   0.0000000000000e+00,  1.1683e-05,  0.0000e+00
    4,    1,  -1.0035093358400e-04,   1.3693992906300e-04,  4.3072e-06,  4.1633e-06
    4,    2,  -1.7468801832500e-02,   4.6290995307100e-03,  6.1938e-06,  6.4873e-06
    4,    3,  -3.0020119204600e-04,  -1.1920716425600e-04,  8.5209e-06,  8.5223e-06
    4,    4,   1.7455166890200e-02,  -9.1052927694800e-03,  1.0862e-05,  1.0925e-05
    5,    0,   6.5893385801300e-04,   0.0000000000000e+00,  2.4282e-05,  0.0000e+00
    5,    1,  -2.7650731600000e-03,  -1.2176437761000e-03,  1.1849e-05,  1.1317e-05
    5,    2,  -7.8340008366300e-04,   3.8129164979800e-04,  9.1652e-06,  8.9353e-06
    5,    3,   4.5761246483900e-03,   3.5394835441400e-03,  1.5935e-05,  1.6041e-05
    5,    4,   4.9690957376800e-04,  -6.9806257297700e-04,  2.1772e-05,  2.1721e-05
    5,    5,  -1.0206431481600e-02,  -5.8395056892200e-03,  2.4870e-05,  2.4824e-05
    6,    0,  -4.9783683043700e-03,   0.0000000000000e+00,  4.4881e-05,  0.0000e+00
    6,    1,  -2.4358436088400e-05,  -1.2380673640500e-04,  2.2802e-05,  2.2685e-05
    6,    2,   6.5423601291600e-03,  -1.1906895691200e-03,  1.9440e-05,  1.9874e-05
    6,    3,   2.8776085677700e-04,   7.5429705764200e-05,  2.6921e-05,  2.7231e-05
    6,    4,  -5.6469627576500e-03,   1.7687141547900e-03,  4.2112e-05,  4.1678e-05
    6,    5,  -4.8791226892100e-04,   4.7926579863600e-05,  5.2615e-05,  5.2554e-05
    6,    6,   5.0855987484500e-03,  -1.6021896355900e-03,  5.5476e-05,  5.5573e-05
    7,    0,  -4.5646555464600e-04,   0.0000000000000e+00,  9.2719e-05,  0.0000e+00
    7,    1,   1.7221284206800e-03,   7.0423230000600e-04,  5.8962e-05,  5.7034e-05
    7,    2,   3.8356286655300e-04,  -1.9821715064100e-04,  2.4166e-05,  2.6686e-05
    7,    3,  -2.4715688297200e-03,  -1.4363428458300e-03,  5.3922e-05,  5.3121e-05
    7,    4,  -2.4283674568600e-04,   3.2681715399600e-04,  7.4261e-05,  7.4812e-05
    7,    5,   3.7738068078200e-03,   1.9005157273400e-03,  1.0137e-04,  1.0121e-04
    7,    6,   3.2490873743500e-05,  -4.9585591705900e-04,  1.2204e-04,  1.2241e-04
    7,    7,  -6.7668252142700e-03,  -2.1981381773400e-03,  1.1979e-04,  1.1993e-04
    8,    0,   2.6321262063800e-03,   0.0000000000000e+00,  1.9591e-04,  0.0000e+00
    8,    1,  -5.0025157143600e-05,  -1.8050905617400e-05,  9.0934e-05,  8.5621e-05
    8,    2,  -3.1371505485100e-03,   2.8008699972100e-05,  1.0310e-04,  9.9402e-05
    8,    3,  -3.0870003006900e-04,  -3.1917876104600e-05,  8.3723e-05,  8.1468e-05
    8,    4,   2.7670365905000e-03,  -4.8085924840200e-04,  1.4770e-04,  1.4855e-04
    8,    5,   4.8258486814400e-04,  -1.0249439244300e-04,  1.8299e-04,  1.8350e-04
    8,    6,  -2.5413460856000e-03,   2.3875193716500e-05,  2.3340e-04,  2.3415e-04
    8,    7,  -1.9046541750900e-04,  -7.0041216874600e-05,  2.7039e-04,  2.7091e-04
    8,    8,   2.2672125201400e-03,   1.3711258897500e-03,  2.5098e-04,  2.5074e-04
    9,    0,   1.8238147052400e-04,   0.0000000000000e+00,  3.8037e-04,  0.0000e+00
    9,    1,  -7.6584181059800e-04,  -1.2582876320500e-04,  2.2515e-04,  1.9809e-04
    9,    2,  -3.7221473249500e-04,  -1.8946422084300e-04,  1.5235e-04,  1.3843e-04
    9,    3,   1.4159229898200e-03,   9.9861625245600e-04,  1.4635e-04,  1.4578e-04
    9,    4,  -4.8424434354600e-04,  -2.7483567425800e-04,  2.5333e-04,  2.5673e-04
    9,    5,  -1.7164541340500e-03,  -9.7986842089700e-04,  3.6300e-04,  3.6277e-04
    9,    6,  -2.3594722465100e-04,   8.4862669099400e-05,  4.2352e-04,  4.2198e-04
    9,    7,   3.0627464390600e-03,   8.6752452374100e-04,  5.2119e-04,  5.2100e-04
    9,    8,   4.3992390376100e-04,  -7.1260945918900e-05,  5.7850e-04,  5.7594e-04
    9,    9,  -3.2733931975900e-03,  -7.2259945048700e-04,  4.8895e-04,  4.8925e-04
   10,    0,  -3.4552192096200e-04,   0.0000000000000e+00,  7.4473e-04,  0.0000e+00
   10,    1,  -5.9227732225100e-04,   1.1235953886800e-03,  2.9242e-04,  3.0263e-04
   10,    2,   1.4459166222400e-03,  -7.6766265640500e-04,  2.5518e-04,  2.5350e-04
   10,    3,   4.1963993420900e-04,   4.5032262214200e-04,  2.3078e-04,  2.3911e-04
   10,    4,  -3.6148994448100e-05,  -7.0460480531400e-04,  4.5976e-04,  4.6386e-04
   10,    5,  -6.3068826873900e-04,  -9.2490476512900e-04,  6.2677e-04,  6.2535e-04
   10,    6,   1.5274153597100e-03,   9.3033343897500e-04,  8.2143e-04,  8.1946e-04
   10,    7,   7.9339054000000e-04,  -8.8826488003700e-04,  8.9765e-04,  8.9892e-04
   10,    8,  -9.0260874854300e-04,  -4.3581056505100e-05,  1.1111e-03,  1.1057e-03
   10,    9,  -1.5770165989500e-03,   5.2471013800200e-05,  1.0688e-03,  1.0676e-03
   10,   10,   1.1874193638400e-03,   1.3467734207400e-03,  7.5254e-04,  7.5148e-04
   11,    0,   1.5432149963600e-03,   0.0000000000000e+00,  1.2814e-03,  0.0000e+00
   11,    1,   6.3182397655900e-04,  -1.3854919704600e-03,  7.1368e-04,  7.0396e-04
   11,    2,   6.5221715891300e-05,  -1.3366939386700e-03,  3.6090e-04,  3.7636e-04
   11,    3,   3.9104015192300e-04,  -2.4689736240400e-04,  5.0670e-04,  5.0203e-04
   11,    4,  -1.3153921249500e-03,  -1.1510901980400e-03,  7.2592e-04,  7.3188e-04
   11,    5,   1.9029462734800e-03,   2.1045451908400e-03,  1.1405e-03,  1.1326e-03
   11,    6,   5.5737751080400e-04,  -2.7786173518900e-04,  1.3517e-03,  1.3504e-03
   11,    7,   1.2517986013400e-04,  -5.9268480688900e-04,  1.6017e-03,  1.5964e-03
   11,    8,   7.8754961380300e-04,  -5.8628400725200e-04,  1.7078e-03,  1.7065e-03
   11,    9,   2.8300026829900e-03,   1.4680737394600e-03,  2.0279e-03,  2.0319e-03
   11,   10,  -2.9165451834500e-04,   1.3891479979000e-04,  1.6487e-03,  1.6396e-03
   11,   11,  -1.2751900198700e-03,  -9.6176486985300e-04,  9.8177e-04,  9.7875e-04
   12,    0,   2.4313415748400e-04,   0.0000000000000e+00,  1.8123e-03,  0.0000e+00
   12,    1,   6.7040178251400e-04,   2.6614763424600e-03,  1.0840e-03,  1.0110e-03
   12,    2,   3.4096941250800e-03,   2.1133820843300e-03,  1.0846e-03,  1.0662e-03
   12,    3,   1.8439129839400e-03,   7.3471471985500e-04,  8.5368e-04,  8.3455e-04
   12,    4,   9.6345037504400e-04,  -7.7227242454200e-04,  1.2159e-03,  1.2029e-03
   12,    5,  -3.1506671424000e-03,  -1.1607899953700e-03,  1.7781e-03,  1.7742e-03
   12,    6,   1.7164763501100e-03,   3.8742307208600e-03,  2.1495e-03,  2.1600e-03
   12,    7,  -7.2378965711400e-04,  -2.5046015490000e-03,  2.3828e-03,  2.3854e-03
   12,    8,   8.4048169262100e-04,   2.6937863890500e-04,  2.5733e-03,  2.5924e-03
   12,    9,  -1.9070745877600e-03,   5.0773695194000e-05,  2.7379e-03,  2.7487e-03
   12,   10,  -1.9191870390100e-03,  -2.4303924406900e-03,  2.9613e-03,  2.9528e-03
   12,   11,   4.6088480340300e-04,   3.8678332351000e-04,  2.1736e-03,  2.1794e-03
   12,   12,   9.0514583812700e-04,   1.8257184593400e-03,  1.1788e-03,  1.1775e-03
   13,    0,   3.7496953676900e-03,   0.0000000000000e+00,  2.6128e-03,  0.0000e+00
   13,    1,  -5.3605207259700e-03,  -2.2868241664800e-03,  2.2149e-03,  1.9362e-03
   13,    2,  -4.9899854986100e-05,   3.8086875289800e-04,  1.4883e-03,  1.4259e-03
   13,    3,   2.2351253239700e-03,  -2.2023872332700e-04,  1.6211e-03,  1.4954e-03
   13,    4,   1.3790698147900e-03,  -5.0957836734600e-03,  1.6606e-03,  1.7076e-03
   13,    5,  -1.9245269098400e-03,   3.3949915522500e-04,  2.5552e-03,  2.5451e-03
   13,    6,   1.7348760639600e-04,  -8.4697179202500e-05,  2.8836e-03,  2.8851e-03
   13,    7,   3.1913557968500e-04,  -5.9468892742200e-06,  3.1432e-03,  3.1433e-03
   13,    8,  -1.2189435834500e-03,  -1.4281978295400e-03,  3.2219e-03,  3.2199e-03
   13,    9,  -6.8107116085200e-04,  -8.4783237596000e-05,  3.3540e-03,  3.3739e-03
   13,   10,  -6.4981619375400e-04,  -6.4284706654700e-05,  3.4370e-03,  3.4431e-03
   13,   11,   1.7491363725300e-03,  -3.9441380961400e-04,  3.4765e-03,  3.4738e-03
   13,   12,   1.3838093767200e-04,  -5.4561667071500e-05,  2.4965e-03,  2.4930e-03
   13,   13,  -5.9757963411900e-04,  -1.1527878899700e-03,  1.3598e-03,  1.3658e-03
   14,    0,  -2.0139371152000e-03,   0.0000000000000e+00,  1.4408e-03,  0.0000e+00
   14,    1,   1.4576817633400e-03,   1.6460148324800e-03,  1.0837e-03,  9.1405e-04
   14,    2,   8.1310509798000e-03,   4.1592794967600e-03,  1.1961e-03,  1.2266e-03
   14,    3,   2.0886347661900e-03,   1.6912275665000e-04,  1.1348e-03,  1.1096e-03
   14,    4,  -3.2415569338200e-03,   9.7750918492200e-04,  1.7235e-03,  1.6408e-03
   14,    5,  -4.0429559661600e-03,  -1.3387369923600e-04,  2.1056e-03,  2.1217e-03
   14,    6,   2.3469104535400e-03,   4.3866270520500e-03,  2.7141e-03,  2.7280e-03
   14,    7,  -1.0399173168600e-03,  -3.2188290957100e-03,  2.7342e-03,  2.7469e-03
   14,    8,  -1.2463943748300e-03,  -2.3308422948900e-03,  3.1870e-03,  3.2114e-03
   14,    9,  -1.9644624097900e-04,   7.9688814363700e-04,  3.0804e-03,  3.0813e-03
   14,   10,   1.1184418300700e-03,   1.7593493081800e-04,  3.3932e-03,  3.3877e-03
   14,   11,   1.5659953961600e-03,   1.4558226966300e-04,  3.2911e-03,  3.2948e-03
   14,   12,  -1.7234625518300e-03,  -7.2524477037000e-04,  2.9941e-03,  2.9863e-03
   14,   13,  -3.1442865651200e-04,   5.0967747931800e-05,  5.9468e-04,  6.0090e-04
   14,   14,   1.3168607872200e-03,   1.5096482534200e-03,  3.5021e-04,  3.5060e-04
   15,    0,   2.6213324236300e-03,   0.0000000000000e+00,  1.9583e-03,  0.0000e+00
   15,    1,  -5.2170485164100e-03,  -1.2951502075400e-04,  1.9877e-03,  1.6883e-03
   15,    2,   2.8738369081600e-04,   2.9257302848900e-03,  1.6587e-03,  1.4662e-03
   15,    3,  -1.7153616268300e-03,   4.5975159725400e-04,  2.0007e-03,  1.9712e-03
   15,    4,   2.2347748462800e-03,  -5.3027943071500e-03,  2.0114e-03,  2.1214e-03
   15,    5,  -2.9543173116000e-03,  -3.1767301722700e-03,  2.8404e-03,  2.8501e-03
   15,    6,  -2.8689057033100e-04,  -3.7005055903000e-04,  3.1671e-03,  3.1353e-03
   15,    7,  -1.3241396714300e-03,  -2.3785402447900e-04,  3.3788e-03,  3.3728e-03
   15,    8,  -3.0766593814200e-03,   7.6568675840000e-04,  3.4381e-03,  3.4188e-03
   15,    9,  -9.7482378275000e-04,  -8.2477901702700e-05,  3.7534e-03,  3.7861e-03
   15,   10,   2.5380247428700e-05,  -3.5026152832000e-04,  3.6237e-03,  3.6320e-03
   15,   11,  -8.5876076067300e-04,  -1.0840231508900e-03,  3.7503e-03,  3.7424e-03
   15,   12,   2.6030305187900e-04,   2.2829071436900e-04,  3.7531e-03,  3.7479e-03
   15,   13,   1.2670717090200e-03,   6.0042340760700e-04,  3.3725e-03,  3.3882e-03
   15,   14,   2.1177669330000e-04,  -1.4786431464300e-04,  7.4473e-04,  7.4169e-04
   15,   15,  -1.1364492664600e-03,  -1.0226601480500e-03,  3.7272e-04,  3.7331e-04
